A1=[2.4419E-001
 2.5672E-001
 2.6709E-001
 2.7695E-001
 2.8456E-001
 2.9184E-001
 2.9969E-001
 3.0650E-001
 3.1375E-001
 3.1831E-001
 3.2190E-001
 3.2308E-001
 3.2892E-001
 3.3538E-001
 3.3633E-001
 3.3912E-001
 3.4379E-001
 3.4823E-001
 3.5080E-001
 3.5508E-001
 3.5570E-001
 3.5719E-001
 3.6002E-001
 3.6332E-001
 3.6612E-001
 3.6663E-001
 3.6673E-001
 3.6656E-001
 3.6768E-001
 3.6898E-001
 3.7126E-001
 3.7223E-001
 3.7240E-001
 3.7499E-001
 3.7266E-001
 3.7452E-001
 3.7509E-001
 3.7339E-001
 3.7583E-001
 3.7377E-001
 3.7430E-001
 3.7353E-001
 3.7509E-001
 3.7481E-001
 3.7193E-001
 3.7007E-001
 3.7256E-001
 3.7377E-001
 3.7065E-001
 3.7099E-001
 3.6724E-001
 3.6987E-001
 3.6842E-001
 3.7153E-001
 3.7046E-001
 3.6690E-001
 3.6683E-001
 3.6469E-001
 3.6465E-001
 3.6508E-001
 3.6286E-001
 3.6381E-001
 3.6141E-001
 3.6126E-001
 3.6221E-001
 3.5637E-001
 3.5555E-001
 3.5598E-001
 3.5713E-001
 3.5451E-001
 3.5122E-001
 3.5275E-001
 3.5063E-001
 3.4973E-001
 3.4517E-001
 3.4712E-001
 3.4635E-001
 3.4465E-001
 3.4207E-001
 3.4269E-001
 3.4087E-001
 3.3853E-001
 3.3993E-001
 3.3979E-001
 3.3922E-001
 3.3957E-001
 3.3663E-001
 3.3398E-001
 3.3567E-001
 3.3495E-001
 3.3317E-001
 3.3345E-001
 3.3004E-001
 3.2712E-001
 3.2831E-001
 3.2288E-001
 3.2623E-001
 3.2468E-001
 3.2370E-001
 3.2223E-001
 3.1665E-001
 3.1634E-001
 3.1720E-001
 3.1637E-001
 3.1644E-001
 3.1531E-001
 3.1364E-001
 3.1456E-001
 3.1209E-001
 3.0983E-001
 3.1043E-001
 3.1019E-001
 3.0858E-001
 3.0461E-001
 3.0365E-001
 3.0312E-001
 3.0065E-001
 3.0237E-001
 2.9917E-001
 2.9836E-001
 3.0076E-001
 2.9738E-001
 2.9915E-001
 2.9676E-001
 2.9388E-001
 2.9143E-001
 2.9389E-001
 2.9177E-001
 2.8765E-001
 2.8875E-001
 2.8961E-001
 2.8595E-001
 2.8952E-001
 2.8398E-001
 2.8260E-001
 2.8101E-001
 2.8400E-001
 2.8219E-001
 2.8224E-001
 2.7953E-001
 2.7850E-001
 2.7960E-001
 2.7494E-001
 2.7584E-001
 2.7527E-001
 2.7290E-001
 2.7222E-001
 2.7282E-001
 2.7068E-001
 2.7268E-001
 2.7062E-001
 2.7032E-001
 2.6812E-001
 2.6927E-001
 2.6524E-001
 2.6450E-001
 2.6321E-001
 2.6342E-001
 2.6482E-001
 2.5951E-001
 2.5994E-001
 2.6106E-001
 2.5937E-001
 2.5856E-001
 2.5701E-001
 2.5716E-001
 2.5409E-001
 2.5760E-001
 2.5420E-001
 2.5247E-001
 2.5045E-001
 2.5074E-001
 2.4942E-001
 2.4701E-001
 2.4479E-001
 2.4521E-001
 2.4586E-001
 2.4548E-001
 2.4394E-001
 2.4392E-001
 2.4154E-001
 2.4301E-001
 2.4111E-001
 2.4145E-001
 2.3803E-001
 2.3916E-001
 2.3752E-001
 2.4077E-001
 2.3746E-001
 2.3626E-001
 2.3449E-001
 2.3455E-001
 2.3341E-001
 2.3359E-001
 2.3207E-001
 2.3181E-001
 2.3159E-001
 2.3036E-001
 2.3146E-001
 2.2872E-001
 2.2732E-001
 2.2549E-001
 2.2462E-001
 2.2382E-001
 2.2262E-001
 2.2014E-001
 2.2183E-001
 2.1956E-001
 2.2017E-001
 2.1782E-001
 2.1811E-001
 2.1705E-001
 2.1729E-001
 2.1641E-001
 2.1756E-001
 2.1464E-001
 2.1356E-001
 2.1238E-001
 2.1148E-001
 2.1084E-001
 2.1171E-001
 2.0976E-001
 2.0940E-001
 2.0978E-001
 2.1139E-001
 2.0928E-001
 2.0722E-001
 2.0715E-001
 2.0621E-001
 2.0613E-001
 2.0471E-001
 2.0353E-001
 2.0396E-001
 2.0027E-001
 2.0201E-001
 2.0016E-001
 2.0055E-001
 1.9907E-001
 1.9947E-001
 1.9819E-001
 1.9778E-001
 1.9778E-001
 1.9790E-001
 1.9583E-001
 1.9579E-001
 1.9541E-001
 1.9309E-001
 1.9392E-001
 1.9240E-001
 1.9226E-001
 1.9224E-001
 1.9196E-001
 1.8909E-001
 1.9068E-001
 1.8934E-001
 1.8850E-001
 1.9051E-001
 1.8755E-001
 1.8716E-001
 1.8611E-001
 1.8521E-001
 1.8519E-001
 1.8344E-001
 1.8455E-001
 1.8371E-001
 1.8207E-001
 1.8111E-001
 1.7955E-001
 1.8032E-001
 1.7882E-001
 1.7919E-001
 1.7748E-001
 1.7704E-001
 1.7613E-001
 1.7566E-001
 1.7498E-001
 1.7427E-001
 1.7454E-001
 1.7513E-001
 1.7329E-001
 1.7344E-001
 1.7212E-001
 1.7196E-001
 1.7106E-001
 1.7076E-001
 1.6992E-001
 1.6967E-001
 1.6975E-001
 1.6827E-001
 1.6654E-001
 1.6606E-001
 1.6603E-001
 1.6709E-001
 1.6588E-001
 1.6400E-001
 1.6507E-001
 1.6480E-001
 1.6314E-001
 1.6260E-001
 1.6085E-001
 1.6127E-001
 1.5967E-001
 1.5701E-001
 1.5881E-001
 1.5896E-001
 1.5926E-001
 1.5750E-001
 1.5643E-001
 1.5570E-001
 1.5533E-001
 1.5407E-001
 1.5404E-001
 1.5432E-001
 1.5310E-001
 1.5371E-001
 1.5325E-001
 1.5217E-001
 1.5074E-001
 1.4922E-001
 1.4853E-001
 1.4981E-001
 1.4906E-001
 1.4898E-001
 1.4792E-001
 1.4809E-001
 1.4498E-001
 1.4548E-001
 1.4550E-001
 1.4514E-001
 1.4516E-001
 1.4545E-001
 1.4517E-001
 1.4286E-001
 1.4268E-001
 1.4162E-001
 1.4223E-001
 1.4131E-001
 1.4052E-001
 1.3932E-001
 1.4044E-001
 1.4049E-001
 1.3912E-001
 1.3789E-001
 1.3817E-001
 1.3638E-001
 1.3703E-001
 1.3608E-001
 1.3489E-001
 1.3427E-001
 1.3287E-001
 1.3495E-001
 1.3402E-001
 1.3355E-001
 1.3206E-001
 1.3403E-001
 1.3280E-001
 1.3112E-001
 1.3124E-001
 1.2959E-001
 1.3026E-001
 1.2877E-001
 1.2771E-001
 1.2875E-001
 1.2853E-001
 1.2838E-001
 1.2668E-001
 1.2826E-001
 1.2659E-001
 1.2567E-001
 1.2547E-001
 1.2427E-001
 1.2384E-001
 1.2373E-001
 1.2371E-001
 1.2374E-001
 1.2274E-001
 1.2200E-001
 1.2239E-001
 1.2224E-001
 1.2106E-001
 1.2133E-001
 1.2070E-001
 1.2108E-001
 1.1964E-001
 1.1870E-001
 1.1903E-001
 1.1935E-001
 1.1904E-001
 1.1834E-001
 1.1702E-001
 1.1656E-001
 1.1646E-001
 1.1631E-001
 1.1511E-001
 1.1498E-001
 1.1475E-001
 1.1332E-001
 1.1320E-001
 1.1363E-001
 1.1237E-001
 1.1324E-001
 1.1191E-001
 1.1231E-001
 1.1127E-001
 1.1123E-001
 1.1071E-001
 1.1004E-001
 1.1086E-001
 1.0969E-001
 1.0946E-001
 1.1003E-001
 1.0802E-001
 1.0872E-001
 1.0850E-001
 1.0733E-001
 1.0670E-001
 1.0721E-001
 1.0611E-001
 1.0609E-001
 1.0579E-001
 1.0559E-001
 1.0453E-001
 1.0521E-001
 1.0420E-001
 1.0273E-001
 1.0276E-001
 1.0156E-001
 1.0083E-001
 1.0215E-001
 1.0156E-001
 1.0041E-001
 9.9659E-002
 9.9735E-002
 9.9165E-002
 9.8500E-002
 9.9859E-002
 9.8625E-002
 9.8382E-002
 9.8372E-002
 9.7444E-002
 9.7135E-002
 9.6479E-002
 9.7248E-002
 9.7315E-002
 9.6948E-002
 9.6557E-002
 9.6210E-002
 9.5872E-002
 9.4181E-002
 9.4515E-002
 9.4781E-002
 9.3051E-002
 9.5725E-002
 9.3793E-002
 9.3579E-002
 9.2921E-002
 9.1493E-002
 9.1360E-002
 9.3006E-002
 9.3187E-002
 9.2646E-002
 9.1907E-002
 9.2044E-002
 9.0400E-002
 8.9951E-002
 8.9122E-002
 9.0926E-002
 8.9548E-002
 9.0599E-002
 8.8856E-002
 8.9332E-002
 8.8362E-002
 8.8542E-002
 8.7232E-002
 8.6532E-002
 8.7093E-002
 8.7575E-002
 8.6297E-002
 8.6169E-002
 8.6340E-002
 8.6764E-002
 8.5680E-002
 8.5985E-002
 8.5930E-002
 8.4791E-002
 8.4330E-002
 8.3748E-002
 8.4290E-002
 8.3987E-002
 8.2828E-002
 8.3409E-002
 8.1965E-002
 8.2520E-002
 8.2837E-002
 8.1222E-002
 8.1361E-002
 8.2045E-002
 8.1870E-002
 8.1288E-002
 2.3135E-002];
